% Intrinsic and Extrinsic Camera Parameters
%
% This script file can be directly excecuted under Matlab to recover the camera intrinsic and extrinsic parameters.
% IMPORTANT: This file contains neither the structure of the calibration objects nor the image coordinates of the calibration points.
%            All those complementary variables are saved in the complete matlab data file Calib_Results.mat.
% For more information regarding the calibration model visit http://www.vision.caltech.edu/bouguetj/calib_doc/


%-- Focal length:
fc = [ 1426.737430923334800 ; 1428.438132946927700 ];

%-- Principal point:
cc = [ 613.657753531713300 ; 505.975574644224420 ];

%-- Skew coefficient:
alpha_c = 0.000000000000000;

%-- Distortion coefficients:
kc = [ -0.232073965377561 ; 0.195105121021241 ; 0.000000000000000 ; 0.000000000000000 ; 0.000000000000000 ];

%-- Focal length uncertainty:
fc_error = [ 30.140628309444267 ; 30.127988070668117 ];

%-- Principal point uncertainty:
cc_error = [ 6.416630528886451 ; 6.869016042511521 ];

%-- Skew coefficient uncertainty:
alpha_c_error = 0.000000000000000;

%-- Distortion coefficients uncertainty:
kc_error = [ 0.009425818103781 ; 0.021384853577082 ; 0.000000000000000 ; 0.000000000000000 ; 0.000000000000000 ];

%-- Image size:
nx = 1300;
ny = 1030;


%-- Various other variables (may be ignored if you do not use the Matlab Calibration Toolbox):
%-- Those variables are used to control which intrinsic parameters should be optimized

n_ima = 43;						% Number of calibration images
est_fc = [ 1 ; 1 ];					% Estimation indicator of the two focal variables
est_aspect_ratio = 1;				% Estimation indicator of the aspect ratio fc(2)/fc(1)
center_optim = 1;					% Estimation indicator of the principal point
est_alpha = 0;						% Estimation indicator of the skew coefficient
est_dist = [ 1 ; 1 ; 0 ; 0 ; 0 ];	% Estimation indicator of the distortion coefficients


%-- Extrinsic parameters:
%-- The rotation (omc_kk) and the translation (Tc_kk) vectors for every calibration image and their uncertainties

%-- Image #1:
omc_1 = [ 2.091511e+000 ; 1.497088e+000 ; 1.514437e-001 ];
Tc_1  = [ -3.281393e+001 ; 2.762015e+001 ; 1.181819e+002 ];
omc_error_1 = [ 6.565226e-003 ; 4.561971e-003 ; 9.917034e-003 ];
Tc_error_1  = [ 5.428360e-001 ; 5.873358e-001 ; 2.758110e+000 ];

%-- Image #2:
omc_2 = [ 2.207921e+000 ; 1.922930e+000 ; -3.344358e-001 ];
Tc_2  = [ -6.406650e-001 ; 2.150732e+001 ; 1.283071e+002 ];
omc_error_2 = [ 8.894869e-003 ; 7.097252e-003 ; 1.397984e-002 ];
Tc_error_2  = [ 5.807561e-001 ; 6.235958e-001 ; 2.768763e+000 ];

%-- Image #3:
omc_3 = [ -1.965737e+000 ; -2.075859e+000 ; 8.136402e-001 ];
Tc_3  = [ 3.277215e+001 ; 1.897969e+001 ; 1.210329e+002 ];
omc_error_3 = [ 5.487442e-003 ; 6.304498e-003 ; 1.112288e-002 ];
Tc_error_3  = [ 5.606532e-001 ; 5.969690e-001 ; 2.738237e+000 ];

%-- Image #4:
omc_4 = [ 2.088118e+000 ; 1.719241e+000 ; 6.141935e-002 ];
Tc_4  = [ -2.529700e+001 ; 2.169615e+001 ; 1.237890e+002 ];
omc_error_4 = [ 6.433351e-003 ; 5.117152e-003 ; 1.157493e-002 ];
Tc_error_4  = [ 5.635644e-001 ; 6.070886e-001 ; 2.766781e+000 ];

%-- Image #5:
omc_5 = [ 2.141124e+000 ; 2.144497e+000 ; -4.831403e-001 ];
Tc_5  = [ 8.546242e+000 ; 1.903667e+001 ; 1.282182e+002 ];
omc_error_5 = [ 7.855993e-003 ; 6.687552e-003 ; 1.279726e-002 ];
Tc_error_5  = [ 5.806597e-001 ; 6.224251e-001 ; 2.757712e+000 ];

%-- Image #6:
omc_6 = [ -1.715079e+000 ; -2.109268e+000 ; 9.099388e-001 ];
Tc_6  = [ 4.042270e+001 ; 2.069252e+001 ; 1.159212e+002 ];
omc_error_6 = [ 5.311885e-003 ; 6.749810e-003 ; 1.149312e-002 ];
Tc_error_6  = [ 5.459559e-001 ; 5.797773e-001 ; 2.723307e+000 ];

%-- Image #7:
omc_7 = [ 1.903872e+000 ; 1.719904e+000 ; 2.603513e-001 ];
Tc_7  = [ -4.001767e+001 ; 1.950884e+001 ; 1.171899e+002 ];
omc_error_7 = [ 6.372167e-003 ; 5.404172e-003 ; 9.905885e-003 ];
Tc_error_7  = [ 5.398455e-001 ; 5.832250e-001 ; 2.755040e+000 ];

%-- Image #8:
omc_8 = [ 1.945926e+000 ; 2.127574e+000 ; -2.659881e-001 ];
Tc_8  = [ -7.589804e+000 ; 2.091460e+001 ; 1.280869e+002 ];
omc_error_8 = [ 6.876839e-003 ; 7.340003e-003 ; 1.520740e-002 ];
Tc_error_8  = [ 5.795752e-001 ; 6.229759e-001 ; 2.767692e+000 ];

%-- Image #9:
omc_9 = [ -1.770226e+000 ; -2.352278e+000 ; 8.399126e-001 ];
Tc_9  = [ 2.566562e+001 ; 2.610111e+001 ; 1.217157e+002 ];
omc_error_9 = [ 4.546421e-003 ; 6.634242e-003 ; 1.131936e-002 ];
Tc_error_9  = [ 5.604668e-001 ; 6.012507e-001 ; 2.741364e+000 ];

%-- Image #10:
omc_10 = [ 1.769424e+000 ; 1.776100e+000 ; 2.271533e-001 ];
Tc_10  = [ -4.259015e+001 ; 2.128636e+001 ; 1.148015e+002 ];
omc_error_10 = [ 6.165198e-003 ; 5.816418e-003 ; 9.572062e-003 ];
Tc_error_10  = [ 5.312364e-001 ; 5.750054e-001 ; 2.748532e+000 ];

%-- Image #11:
omc_11 = [ 1.808118e+000 ; 2.149827e+000 ; -3.265643e-001 ];
Tc_11  = [ -1.061117e+001 ; 2.633431e+001 ; 1.259391e+002 ];
omc_error_11 = [ 5.791288e-003 ; 6.794449e-003 ; 1.280374e-002 ];
Tc_error_11  = [ 5.723519e-001 ; 6.165708e-001 ; 2.763817e+000 ];

%-- Image #12:
omc_12 = [ -1.797019e+000 ; -2.338574e+000 ; 8.665259e-001 ];
Tc_12  = [ 2.607894e+001 ; 2.734505e+001 ; 1.210030e+002 ];
omc_error_12 = [ 4.620436e-003 ; 6.600439e-003 ; 1.149074e-002 ];
Tc_error_12  = [ 5.582512e-001 ; 5.989981e-001 ; 2.739706e+000 ];

%-- Image #13:
omc_13 = [ 1.949004e+000 ; 2.100789e+000 ; -2.870336e-001 ];
Tc_13  = [ -7.329348e+000 ; 2.284630e+001 ; 1.274809e+002 ];
omc_error_13 = [ 6.732082e-003 ; 7.072112e-003 ; 1.441447e-002 ];
Tc_error_13  = [ 5.774964e-001 ; 6.210822e-001 ; 2.766637e+000 ];

%-- Image #14:
omc_14 = [ 1.894594e+000 ; 1.696044e+000 ; 2.363082e-001 ];
Tc_14  = [ -3.973859e+001 ; 2.166686e+001 ; 1.164289e+002 ];
omc_error_14 = [ 6.323015e-003 ; 5.313272e-003 ; 9.681097e-003 ];
Tc_error_14  = [ 5.367760e-001 ; 5.805366e-001 ; 2.750764e+000 ];

%-- Image #15:
omc_15 = [ 2.009814e+000 ; 2.303795e+000 ; -6.845732e-001 ];
Tc_15  = [ 1.750878e+001 ; 2.270960e+001 ; 1.255419e+002 ];
omc_error_15 = [ 6.065813e-003 ; 5.941888e-003 ; 1.203388e-002 ];
Tc_error_15  = [ 5.724444e-001 ; 6.136732e-001 ; 2.750569e+000 ];

%-- Image #16:
omc_16 = [ 2.024104e+000 ; 1.920365e+000 ; -1.012621e-001 ];
Tc_16  = [ -1.674042e+001 ; 2.145385e+001 ; 1.263226e+002 ];
omc_error_16 = [ 6.387215e-003 ; 5.971588e-003 ; 1.379068e-002 ];
Tc_error_16  = [ 5.728539e-001 ; 6.162676e-001 ; 2.766823e+000 ];

%-- Image #17:
omc_17 = [ 1.928489e+000 ; 1.498638e+000 ; 3.721703e-001 ];
Tc_17  = [ -4.685881e+001 ; 2.390101e+001 ; 1.102078e+002 ];
omc_error_17 = [ 7.304705e-003 ; 5.476164e-003 ; 9.310830e-003 ];
Tc_error_17  = [ 5.123521e-001 ; 5.569609e-001 ; 2.738958e+000 ];

%-- Image #18:
omc_18 = [ -1.970490e+000 ; -2.095909e+000 ; 8.463256e-001 ];
Tc_18  = [ 3.227079e+001 ; 2.121385e+001 ; 1.204523e+002 ];
omc_error_18 = [ 5.431582e-003 ; 6.315912e-003 ; 1.126993e-002 ];
Tc_error_18  = [ 5.584783e-001 ; 5.951907e-001 ; 2.735097e+000 ];

%-- Image #19:
omc_19 = [ 2.172188e+000 ; 1.917728e+000 ; -3.431687e-001 ];
Tc_19  = [ -1.188193e+000 ; 2.348839e+001 ; 1.275604e+002 ];
omc_error_19 = [ 8.186783e-003 ; 6.720998e-003 ; 1.346656e-002 ];
Tc_error_19  = [ 5.780827e-001 ; 6.211389e-001 ; 2.766339e+000 ];

%-- Image #20:
omc_20 = [ 2.059642e+000 ; 1.504568e+000 ; 1.398582e-001 ];
Tc_20  = [ -3.336110e+001 ; 2.888616e+001 ; 1.171884e+002 ];
omc_error_20 = [ 6.549180e-003 ; 4.638767e-003 ; 9.758873e-003 ];
Tc_error_20  = [ 5.390585e-001 ; 5.838788e-001 ; 2.754386e+000 ];

%-- Image #21:
omc_21 = [ -2.061239e+000 ; -1.999671e+000 ; 9.251969e-001 ];
Tc_21  = [ 3.468766e+001 ; 2.335058e+001 ; 1.184638e+002 ];
omc_error_21 = [ 5.751083e-003 ; 6.061865e-003 ; 1.178417e-002 ];
Tc_error_21  = [ 5.533239e-001 ; 5.885679e-001 ; 2.731505e+000 ];

%-- Image #22:
omc_22 = [ 2.197639e+000 ; 1.801223e+000 ; -4.336742e-001 ];
Tc_22  = [ 1.598743e+000 ; 2.861966e+001 ; 1.256219e+002 ];
omc_error_22 = [ 7.316716e-003 ; 5.593211e-003 ; 1.133565e-002 ];
Tc_error_22  = [ 5.718124e-001 ; 6.150153e-001 ; 2.762010e+000 ];

%-- Image #23:
