% Intrinsic and Extrinsic Camera Parameters
%
% This script file can be directly excecuted under Matlab to recover the camera intrinsic and extrinsic parameters.
% IMPORTANT: This file contains neither the structure of the calibration objects nor the image coordinates of the calibration points.
%            All those complementary variables are saved in the complete matlab data file Calib_Results.mat.
% For more information regarding the calibration model visit http://www.vision.caltech.edu/bouguetj/calib_doc/


%-- Focal length:
fc = [ 1355.966520383188900 ; 1358.231176664774000 ];

%-- Principal point:
cc = [ 615.644971797141350 ; 515.801778781130110 ];

%-- Skew coefficient:
alpha_c = 0.000000000000000;

%-- Distortion coefficients:
kc = [ -0.258667008001279 ; 0.204633778916499 ; 0.000000000000000 ; 0.000000000000000 ; 0.000000000000000 ];

%-- Focal length uncertainty:
fc_error = [ 5.089501396595509 ; 4.293049335771743 ];

%-- Principal point uncertainty:
cc_error = [ 5.948842455412964 ; 6.361761964778533 ];

%-- Skew coefficient uncertainty:
alpha_c_error = 0.000000000000000;

%-- Distortion coefficients uncertainty:
kc_error = [ 0.009320114911132 ; 0.021373254193551 ; 0.000000000000000 ; 0.000000000000000 ; 0.000000000000000 ];

%-- Image size:
nx = 1300;
ny = 1030;


%-- Various other variables (may be ignored if you do not use the Matlab Calibration Toolbox):
%-- Those variables are used to control which intrinsic parameters should be optimized

n_ima = 86;						% Number of calibration images
est_fc = [ 1 ; 1 ];					% Estimation indicator of the two focal variables
est_aspect_ratio = 1;				% Estimation indicator of the aspect ratio fc(2)/fc(1)
center_optim = 1;					% Estimation indicator of the principal point
est_alpha = 0;						% Estimation indicator of the skew coefficient
est_dist = [ 1 ; 1 ; 0 ; 0 ; 0 ];	% Estimation indicator of the distortion coefficients


%-- Extrinsic parameters:
%-- The rotation (omc_kk) and the translation (Tc_kk) vectors for every calibration image and their uncertainties

%-- Image #1:
omc_1 = [ 2.099470e+000 ; 1.502306e+000 ; 1.595332e-001 ];
Tc_1  = [ -3.298616e+001 ; 2.677389e+001 ; 1.116410e+002 ];
omc_error_1 = [ 8.006980e-003 ; 5.912153e-003 ; 1.265272e-002 ];
Tc_error_1  = [ 5.055266e-001 ; 5.432910e-001 ; 4.471117e-001 ];

%-- Image #2:
omc_2 = [ 2.213826e+000 ; 1.927928e+000 ; -3.239122e-001 ];
Tc_2  = [ -8.211758e-001 ; 2.060305e+001 ; 1.218030e+002 ];
omc_error_2 = [ 1.406758e-002 ; 1.080616e-002 ; 2.219287e-002 ];
Tc_error_2  = [ 5.382388e-001 ; 5.748503e-001 ; 4.663049e-001 ];

%-- Image #3:
omc_3 = [ -1.966253e+000 ; -2.076814e+000 ; 7.956148e-001 ];
Tc_3  = [ 3.259451e+001 ; 1.811728e+001 ; 1.145129e+002 ];
omc_error_3 = [ 6.690318e-003 ; 8.508076e-003 ; 1.387592e-002 ];
Tc_error_3  = [ 5.209465e-001 ; 5.514668e-001 ; 4.389201e-001 ];

%-- Image #4:
omc_4 = [ 2.096309e+000 ; 1.725318e+000 ; 6.916711e-002 ];
Tc_4  = [ -2.547465e+001 ; 2.082264e+001 ; 1.172667e+002 ];
omc_error_4 = [ 8.654802e-003 ; 7.139683e-003 ; 1.631959e-002 ];
Tc_error_4  = [ 5.240935e-001 ; 5.614928e-001 ; 4.375403e-001 ];

%-- Image #5:
omc_5 = [ 2.145612e+000 ; 2.149289e+000 ; -4.700333e-001 ];
Tc_5  = [ 8.363672e+000 ; 1.813567e+001 ; 1.217320e+002 ];
omc_error_5 = [ 1.213057e-002 ; 9.705179e-003 ; 1.927393e-002 ];
Tc_error_5  = [ 5.382168e-001 ; 5.741032e-001 ; 4.463438e-001 ];

%-- Image #6:
omc_6 = [ -1.713990e+000 ; -2.108183e+000 ; 8.982089e-001 ];
Tc_6  = [ 4.026080e+001 ; 1.986230e+001 ; 1.094217e+002 ];
omc_error_6 = [ 6.002601e-003 ; 8.147547e-003 ; 1.310880e-002 ];
Tc_error_6  = [ 5.088440e-001 ; 5.363219e-001 ; 4.381563e-001 ];

%-- Image #7:
omc_7 = [ 1.910591e+000 ; 1.725546e+000 ; 2.692401e-001 ];
Tc_7  = [ -4.019216e+001 ; 1.867196e+001 ; 1.106136e+002 ];
omc_error_7 = [ 7.760096e-003 ; 6.905150e-003 ; 1.244198e-002 ];
Tc_error_7  = [ 5.040085e-001 ; 5.399424e-001 ; 4.363600e-001 ];

%-- Image #8:
omc_8 = [ 1.951707e+000 ; 2.133076e+000 ; -2.578915e-001 ];
Tc_8  = [ -7.768280e+000 ; 2.001265e+001 ; 1.215783e+002 ];
omc_error_8 = [ 1.101178e-002 ; 1.129607e-002 ; 2.343153e-002 ];
Tc_error_8  = [ 5.372767e-001 ; 5.745589e-001 ; 4.586007e-001 ];

%-- Image #9:
omc_9 = [ -1.771049e+000 ; -2.353853e+000 ; 8.217079e-001 ];
Tc_9  = [ 2.548593e+001 ; 2.522799e+001 ; 1.152111e+002 ];
omc_error_9 = [ 5.322901e-003 ; 8.951296e-003 ; 1.424138e-002 ];
Tc_error_9  = [ 5.202574e-001 ; 5.546041e-001 ; 4.491003e-001 ];

%-- Image #10:
omc_10 = [ 1.774040e+000 ; 1.780418e+000 ; 2.374608e-001 ];
Tc_10  = [ -4.275889e+001 ; 2.045984e+001 ; 1.082194e+002 ];
omc_error_10 = [ 7.340541e-003 ; 7.211029e-003 ; 1.157545e-002 ];
Tc_error_10  = [ 4.960809e-001 ; 5.322634e-001 ; 4.396366e-001 ];

%-- Image #11:
omc_11 = [ 1.815927e+000 ; 2.157658e+000 ; -3.175904e-001 ];
Tc_11  = [ -1.078608e+001 ; 2.543730e+001 ; 1.194183e+002 ];
omc_error_11 = [ 9.044254e-003 ; 1.008242e-002 ; 1.904271e-002 ];
Tc_error_11  = [ 5.305342e-001 ; 5.680719e-001 ; 4.664073e-001 ];

%-- Image #12:
omc_12 = [ -1.797929e+000 ; -2.340250e+000 ; 8.479814e-001 ];
Tc_12  = [ 2.589958e+001 ; 2.647452e+001 ; 1.144987e+002 ];
omc_error_12 = [ 5.370153e-003 ; 8.887705e-003 ; 1.442337e-002 ];
Tc_error_12  = [ 5.182537e-001 ; 5.525264e-001 ; 4.514505e-001 ];

%-- Image #13:
omc_13 = [ 1.955010e+000 ; 2.106684e+000 ; -2.768020e-001 ];
Tc_13  = [ -7.506942e+000 ; 2.194430e+001 ; 1.209680e+002 ];
omc_error_13 = [ 1.072385e-002 ; 1.079147e-002 ; 2.229610e-002 ];
Tc_error_13  = [ 5.353187e-001 ; 5.725623e-001 ; 4.608983e-001 ];

%-- Image #14:
omc_14 = [ 1.900662e+000 ; 1.701078e+000 ; 2.456531e-001 ];
Tc_14  = [ -3.991018e+001 ; 2.083251e+001 ; 1.098626e+002 ];
omc_error_14 = [ 7.546442e-003 ; 6.660114e-003 ; 1.197300e-002 ];
Tc_error_14  = [ 5.009610e-001 ; 5.373709e-001 ; 4.384698e-001 ];

%-- Image #15:
omc_15 = [ 2.014318e+000 ; 2.309624e+000 ; -6.671499e-001 ];
Tc_15  = [ 1.732594e+001 ; 2.181811e+001 ; 1.190443e+002 ];
omc_error_15 = [ 9.187978e-003 ; 7.878322e-003 ; 1.665049e-002 ];
Tc_error_15  = [ 5.307942e-001 ; 5.658281e-001 ; 4.478451e-001 ];

%-- Image #16:
omc_16 = [ 2.031662e+000 ; 1.926779e+000 ; -9.284616e-002 ];
Tc_16  = [ -1.691744e+001 ; 2.056391e+001 ; 1.198149e+002 ];
omc_error_16 = [ 9.607593e-003 ; 8.959101e-003 ; 2.086150e-002 ];
Tc_error_16  = [ 5.317186e-001 ; 5.692416e-001 ; 4.437153e-001 ];

%-- Image #17:
omc_17 = [ 1.928456e+000 ; 1.498455e+000 ; 3.844865e-001 ];
Tc_17  = [ -4.701632e+001 ; 2.309556e+001 ; 1.036435e+002 ];
omc_error_17 = [ 8.451863e-003 ; 6.784607e-003 ; 1.054081e-002 ];
Tc_error_17  = [ 4.785609e-001 ; 5.155065e-001 ; 4.426227e-001 ];

%-- Image #18:
omc_18 = [ -1.971084e+000 ; -2.097005e+000 ; 8.282222e-001 ];
Tc_18  = [ 3.209371e+001 ; 2.035322e+001 ; 1.139426e+002 ];
omc_error_18 = [ 6.544536e-003 ; 8.512124e-003 ; 1.398354e-002 ];
Tc_error_18  = [ 5.189368e-001 ; 5.497202e-001 ; 4.415384e-001 ];

%-- Image #19:
omc_19 = [ 2.178222e+000 ; 1.923038e+000 ; -3.311796e-001 ];
Tc_19  = [ -1.367820e+000 ; 2.258504e+001 ; 1.210554e+002 ];
omc_error_19 = [ 1.290522e-002 ; 1.015030e-002 ; 2.122393e-002 ];
Tc_error_19  = [ 5.357397e-001 ; 5.723694e-001 ; 4.690834e-001 ];

%-- Image #20:
omc_20 = [ 2.067193e+000 ; 1.509725e+000 ; 1.485360e-001 ];
Tc_20  = [ -3.353092e+001 ; 2.804364e+001 ; 1.106489e+002 ];
omc_error_20 = [ 7.897644e-003 ; 5.943432e-003 ; 1.228181e-002 ];
Tc_error_20  = [ 5.020074e-001 ; 5.400250e-001 ; 4.485798e-001 ];

%-- Image #21:
omc_21 = [ -2.061198e+000 ; -1.999929e+000 ; 9.085502e-001 ];
Tc_21  = [ 3.451475e+001 ; 2.250093e+001 ; 1.119569e+002 ];
omc_error_21 = [ 6.736117e-003 ; 7.977391e-003 ; 1.421014e-002 ];
Tc_error_21  = [ 5.146662e-001 ; 5.438454e-001 ; 4.439521e-001 ];

%-- Image #22:
omc_22 = [ 2.204454e+000 ; 1.807130e+000 ; -4.196343e-001 ];
Tc_22  = [ 1.419870e+000 ; 2.772058e+001 ; 1.191174e+002 ];
omc_error_22 = [ 1.102519e-002 ; 7.936182e-003 ; 1.684445e-002 ];
Tc_error_22  = [ 5.298803e-001 ; 5.662617e-001 ; 4.783035e-001 ];

%-- Image #23:
